step,rs_random,rs_greedy
1,30720,14848
2,16640,1792
3,2016,1792
4,2016,1792
5,2016,1792
6,2016,1792
7,1952,1792
8,1952,1792
9,1952,1792
10,2016,1792
